2 	 1 	 0 	 1	0
3 	 2.6678 	 0 	 2.6678	0
4 	 4.55364 	 0 	 4.55364	0
5 	 6.74278 	 0 	 6.74278	0
6 	 8.98332 	 0 	 8.98332	0
7 	 11.4264 	 0 	 11.4264	0
8 	 13.889 	 0.0027 	 13.8542	0.0027
9 	 16.4901 	 0.00512 	 16.4153	0.00242
10 	 19.162 	 0.00992 	 18.9955	0.0048
11 	 21.9498 	 0.01427 	 21.6829	0.00435
12 	 24.7636 	 0.02084 	 24.3293	0.00657
13 	 27.6324 	 0.02702 	 27.0162	0.00618
14 	 30.5819 	 0.03485 	 29.7097	0.00783
15 	 33.5935 	 0.04265 	 32.4398	0.0078
16 	 36.6784 	 0.05165 	 35.1649	0.009
17 	 39.8017 	 0.06023 	 37.9072	0.00858
18 	 42.9869 	 0.06976 	 40.6353	0.00953
19 	 46.2397 	 0.07859 	 43.4192	0.00883
20 	 49.5938 	 0.08855 	 46.1993	0.00996
21 	 52.9544 	 0.09793 	 48.9743	0.00938
22 	 56.3814 	 0.1083 	 51.7106	0.01037
23 	 59.7874 	 0.11826 	 54.4167	0.00996
24 	 63.2159 	 0.12927 	 57.0424	0.01101
25 	 66.7031 	 0.14011 	 59.6978	0.01084
26 	 70.3008 	 0.15143 	 62.3473	0.01132
27 	 73.9103 	 0.16235 	 65.0125	0.01092
28 	 77.5875 	 0.17406 	 67.6118	0.01171
29 	 81.2805 	 0.18456 	 70.2501	0.0105
30 	 85.0667 	 0.19614 	 72.8233	0.01158
31 	 88.8026 	 0.20758 	 75.3482	0.01144
32 	 92.6425 	 0.21917 	 77.8676	0.01159
33 	 96.417 	 0.23049 	 80.311	0.01132
34 	 100.324 	 0.24204 	 82.7425	0.01155
35 	 104.208 	 0.25353 	 85.1569	0.01149
36 	 108.252 	 0.26488 	 87.6225	0.01135
37 	 112.238 	 0.27635 	 89.9862	0.01147
38 	 116.311 	 0.2882 	 92.3223	0.01185
39 	 120.4 	 0.29937 	 94.6356	0.01117
40 	 124.555 	 0.3107 	 96.9522	0.01133
41 	 128.753 	 0.3221 	 99.2487	0.0114
42 	 132.929 	 0.33313 	 101.449	0.01103
43 	 137.106 	 0.34416 	 103.662	0.01103
44 	 141.456 	 0.35514 	 105.852	0.01098
45 	 145.642 	 0.36564 	 107.993	0.0105
46 	 150.047 	 0.37668 	 110.116	0.01104
47 	 154.288 	 0.38701 	 112.151	0.01033
48 	 158.75 	 0.39784 	 114.185	0.01083
49 	 163.137 	 0.4081 	 116.221	0.01026
50 	 167.735 	 0.41884 	 118.225	0.01074
51 	 172.317 	 0.4292 	 120.236	0.01036
52 	 177.003 	 0.43964 	 122.227	0.01044
53 	 181.422 	 0.44892 	 124.07	0.00928
54 	 186.037 	 0.4587 	 125.912	0.00978
55 	 190.72 	 0.46854 	 127.763	0.00984
56 	 195.415 	 0.4782 	 129.543	0.00966
57 	 200.126 	 0.48763 	 131.332	0.00943
58 	 204.903 	 0.49745 	 133.084	0.00982
59 	 209.914 	 0.50668 	 134.856	0.00923
60 	 214.981 	 0.51619 	 136.613	0.00951
61 	 219.784 	 0.52511 	 138.26	0.00892
62 	 224.332 	 0.53381 	 139.835	0.0087
63 	 229.013 	 0.54224 	 141.377	0.00843
64 	 233.796 	 0.55078 	 142.894	0.00854
65 	 238.456 	 0.55934 	 144.418	0.00856
66 	 243.468 	 0.56753 	 145.962	0.00819
67 	 248.445 	 0.57604 	 147.422	0.00851
68 	 253.441 	 0.58415 	 148.891	0.00811
69 	 258.513 	 0.59198 	 150.334	0.00783
70 	 263.504 	 0.59963 	 151.728	0.00765
71 	 268.769 	 0.60707 	 153.25	0.00744
72 	 274.154 	 0.61473 	 154.693	0.00766
73 	 279.37 	 0.6221 	 156.11	0.00737
74 	 284.724 	 0.62939 	 157.436	0.00729
75 	 290.297 	 0.63649 	 158.771	0.0071
76 	 295.394 	 0.64334 	 160.009	0.00685
77 	 300.397 	 0.65015 	 161.215	0.00681
78 	 305.637 	 0.65716 	 162.41	0.00701
79 	 310.76 	 0.66375 	 163.612	0.00659
80 	 316.233 	 0.67044 	 164.815	0.00669
81 	 321.888 	 0.67703 	 166.035	0.00659
82 	 327.441 	 0.68359 	 167.196	0.00656
83 	 332.936 	 0.68969 	 168.385	0.0061
84 	 338.422 	 0.69583 	 169.481	0.00614
85 	 343.582 	 0.70163 	 170.477	0.0058
86 	 349.397 	 0.70795 	 171.525	0.00632
87 	 355.069 	 0.71323 	 172.63	0.00528
88 	 360.414 	 0.71876 	 173.664	0.00553
89 	 366.052 	 0.72439 	 174.644	0.00563
90 	 371.954 	 0.73012 	 175.694	0.00573
91 	 377.64 	 0.73549 	 176.7	0.00537
92 	 383.704 	 0.74077 	 177.682	0.00528
93 	 389.408 	 0.74587 	 178.713	0.0051
94 	 395.062 	 0.75106 	 179.667	0.00519
95 	 400.349 	 0.75599 	 180.459	0.00493
96 	 405.91 	 0.76063 	 181.337	0.00464
97 	 411.476 	 0.76553 	 182.147	0.0049
98 	 417.284 	 0.77035 	 182.968	0.00482
99 	 423.411 	 0.77506 	 183.825	0.00471
100 	 429.632 	 0.77996 	 184.67	0.0049
101 	 435.937 	 0.78442 	 185.517	0.00446
102 	 442.009 	 0.78857 	 186.377	0.00415
103 	 447.883 	 0.79255 	 187.133	0.00398
104 	 453.959 	 0.79718 	 187.911	0.00463
105 	 459.93 	 0.80147 	 188.701	0.00429
106 	 465.827 	 0.80574 	 189.479	0.00427
107 	 472.033 	 0.8094 	 190.246	0.00366
108 	 478.802 	 0.81346 	 191.023	0.00406
109 	 485.373 	 0.81721 	 191.777	0.00375
110 	 491.611 	 0.82095 	 192.489	0.00374
111 	 498.305 	 0.82464 	 193.204	0.00369
112 	 504.707 	 0.82798 	 193.898	0.00334
113 	 510.423 	 0.83156 	 194.543	0.00358
114 	 516.686 	 0.83473 	 195.177	0.00317
115 	 522 	 0.83805 	 195.828	0.00332
116 	 528.412 	 0.84149 	 196.43	0.00344
117 	 534.416 	 0.8447 	 196.967	0.00321
118 	 540.653 	 0.8478 	 197.55	0.0031
119 	 547.144 	 0.85098 	 198.151	0.00318
120 	 554.06 	 0.85417 	 198.701	0.00319
121 	 560.08 	 0.85697 	 199.236	0.0028
122 	 567.493 	 0.8601 	 199.82	0.00313
123 	 573.057 	 0.86286 	 200.317	0.00276
124 	 579.538 	 0.86551 	 200.881	0.00265
125 	 586.518 	 0.86853 	 201.435	0.00302
126 	 593.393 	 0.87107 	 202.013	0.00254
127 	 599.576 	 0.87371 	 202.48	0.00264
128 	 606.274 	 0.87664 	 202.952	0.00293
129 	 612.763 	 0.87899 	 203.447	0.00235
130 	 618.82 	 0.88166 	 203.858	0.00267
131 	 624.55 	 0.88445 	 204.271	0.00279
132 	 631.568 	 0.88695 	 204.685	0.0025
133 	 638.795 	 0.88961 	 205.069	0.00266
134 	 645.411 	 0.89227 	 205.429	0.00266
135 	 652.076 	 0.89444 	 205.828	0.00217
136 	 659.53 	 0.89674 	 206.188	0.0023
137 	 666.161 	 0.89879 	 206.574	0.00205
138 	 672.778 	 0.90098 	 206.919	0.00219
139 	 678.484 	 0.90304 	 207.228	0.00206
140 	 685.29 	 0.90523 	 207.55	0.00219
141 	 691.834 	 0.9071 	 207.858	0.00187
142 	 699.323 	 0.90929 	 208.195	0.00219
143 	 707.099 	 0.91126 	 208.516	0.00197
144 	 714.837 	 0.91313 	 208.812	0.00187
145 	 721.731 	 0.91493 	 209.12	0.0018
146 	 728.01 	 0.91689 	 209.455	0.00196
147 	 734.387 	 0.91843 	 209.811	0.00154
148 	 741.652 	 0.92038 	 210.125	0.00195
149 	 748.263 	 0.92214 	 210.414	0.00176
150 	 756.072 	 0.92379 	 210.701	0.00165
151 	 762.854 	 0.92545 	 210.97	0.00166
152 	 770.928 	 0.92699 	 211.255	0.00154
153 	 777.482 	 0.9284 	 211.527	0.00141
154 	 784.295 	 0.93001 	 211.782	0.00161
155 	 790.574 	 0.93136 	 212.054	0.00135
156 	 797.051 	 0.93279 	 212.291	0.00143
157 	 804.7 	 0.9341 	 212.53	0.00131
158 	 811.618 	 0.9353 	 212.783	0.0012
159 	 818.778 	 0.93689 	 213.007	0.00159
160 	 827.86 	 0.93819 	 213.283	0.0013
161 	 835.505 	 0.93941 	 213.512	0.00122
162 	 842.588 	 0.94053 	 213.737	0.00112
163 	 849.603 	 0.94174 	 213.988	0.00121
164 	 857.266 	 0.94282 	 214.226	0.00108
165 	 864.114 	 0.94409 	 214.484	0.00127
166 	 871.144 	 0.94542 	 214.679	0.00133
167 	 878.205 	 0.94639 	 214.893	0.00097
168 	 882.88 	 0.94731 	 215.047	0.00092
169 	 889.919 	 0.94845 	 215.23	0.00114
170 	 896.479 	 0.94963 	 215.433	0.00118
