2 	 1 	 0 	 1
3 	 2.722 	 0 	 2.722
4 	 4.656 	 0 	 4.656
5 	 6.948 	 0 	 6.948
6 	 9.332 	 0 	 9.332
7 	 11.924 	 0 	 11.924
8 	 14.4374 	 0.001 	 14.424
9 	 17.1245 	 0.004 	 17.065
10 	 19.6222 	 0.01 	 19.441
11 	 22.3171 	 0.016 	 21.999
12 	 25.0409 	 0.021 	 24.583
13 	 28.0924 	 0.026 	 27.478
14 	 31.0207 	 0.032 	 30.17
15 	 34.1315 	 0.042 	 32.944
16 	 36.9494 	 0.052 	 35.412
17 	 39.6677 	 0.061 	 37.83
18 	 42.5441 	 0.07 	 40.317
19 	 45.6078 	 0.077 	 43.033
20 	 48.9868 	 0.09 	 45.764
21 	 51.9181 	 0.096 	 48.272
22 	 55.133 	 0.113 	 50.71
23 	 57.7998 	 0.121 	 52.857
24 	 61.0138 	 0.131 	 55.35
25 	 64.44 	 0.141 	 57.969
26 	 68.5142 	 0.152 	 61.014
27 	 72.898 	 0.167 	 64.294
28 	 77.4151 	 0.181 	 67.403
29 	 81.7583 	 0.189 	 70.558
30 	 86 	 0.196 	 73.527
31 	 89.5239 	 0.206 	 75.839
32 	 93.5634 	 0.219 	 78.343
33 	 96.6945 	 0.234 	 80.136
34 	 100.148 	 0.244 	 82.466
35 	 103.013 	 0.254 	 84.244
36 	 106.084 	 0.262 	 86.214
37 	 109.975 	 0.27 	 88.916
38 	 115.448 	 0.281 	 92.408
39 	 119.49 	 0.294 	 94.603
40 	 123.697 	 0.306 	 97.285
41 	 129.271 	 0.322 	 100.203
42 	 135.122 	 0.329 	 103.779
43 	 139.159 	 0.334 	 106.378
44 	 142.545 	 0.34 	 108.324
45 	 147.227 	 0.351 	 110.378
46 	 151.669 	 0.363 	 112.549
47 	 157.798 	 0.377 	 115.016
48 	 162.314 	 0.382 	 117.271
49 	 167.515 	 0.394 	 119.473
50 	 171.318 	 0.403 	 121.165
51 	 174.941 	 0.411 	 123.522
52 	 179.954 	 0.419 	 125.715
53 	 185.611 	 0.429 	 128.616
54 	 191.321 	 0.44 	 131.247
55 	 196.526 	 0.452 	 133.171
56 	 202.162 	 0.463 	 135.383
57 	 206.455 	 0.473 	 136.758
58 	 211.915 	 0.484 	 138.935
59 	 216.11 	 0.489 	 140.741
60 	 221.334 	 0.497 	 142.52
61 	 228.371 	 0.509 	 144.423
62 	 234.779 	 0.521 	 145.984
63 	 242.356 	 0.528 	 149.075
64 	 248.491 	 0.536 	 150.771
65 	 253.242 	 0.541 	 152.175
66 	 257.873 	 0.551 	 153.704
67 	 264.014 	 0.56 	 155.329
68 	 267.303 	 0.564 	 156.391
69 	 271.757 	 0.572 	 157.565
70 	 275.37 	 0.578 	 158.449
71 	 280.562 	 0.587 	 159.603
72 	 286.971 	 0.592 	 161.56
73 	 293.249 	 0.603 	 162.922
74 	 299.561 	 0.608 	 164.335
75 	 302.691 	 0.612 	 165.589
76 	 309.447 	 0.624 	 166.569
77 	 314.382 	 0.628 	 167.647
78 	 316.702 	 0.637 	 167.921
79 	 321.508 	 0.642 	 169.616
80 	 327.17 	 0.648 	 170.946
81 	 331.839 	 0.652 	 171.982
82 	 334.941 	 0.66 	 173.806
83 	 343.637 	 0.669 	 175.844
84 	 351.16 	 0.676 	 177.155
85 	 355.308 	 0.682 	 178.009
86 	 365.346 	 0.688 	 179.831
87 	 370.559 	 0.696 	 180.851
88 	 379.549 	 0.705 	 182.569
89 	 382.138 	 0.71 	 183.082
90 	 384.685 	 0.721 	 183.648
91 	 386.581 	 0.728 	 184.307
92 	 393.299 	 0.732 	 185.473
93 	 398.689 	 0.733 	 186.843
94 	 400.659 	 0.742 	 187.104
95 	 399.96 	 0.751 	 187.266
96 	 404.16 	 0.757 	 188.189
97 	 410.87 	 0.761 	 189.824
98 	 416.59 	 0.766 	 191.085
99 	 425.121 	 0.768 	 192.273
100 	 436.764 	 0.78 	 193.681
101 	 441.309 	 0.783 	 194.145
102 	 456.019 	 0.792 	 195.738
103 	 464.927 	 0.795 	 196.956
104 	 476.477 	 0.801 	 198.047
105 	 481.381 	 0.803 	 199.364
106 	 484.503 	 0.807 	 199.661
107 	 486.052 	 0.808 	 199.844
108 	 503.659 	 0.815 	 201.054
109 	 514.862 	 0.819 	 202.317
110 	 517.983 	 0.821 	 202.668
111 	 526.926 	 0.825 	 203.705
112 	 534.754 	 0.829 	 205.308
113 	 541.541 	 0.83 	 206.063
114 	 549.771 	 0.834 	 206.347
115 	 548.798 	 0.837 	 207.063
116 	 551.904 	 0.843 	 207.52
117 	 560.813 	 0.845 	 208.203
118 	 570.616 	 0.849 	 208.568
119 	 574.819 	 0.851 	 208.407
120 	 575.247 	 0.854 	 208.764
121 	 590.296 	 0.858 	 209.852
122 	 590.007 	 0.861 	 210.648
123 	 595.007 	 0.861 	 211.343
124 	 607.435 	 0.862 	 212.488
125 	 618.726 	 0.865 	 213.318
126 	 614.323 	 0.867 	 213.433
127 	 622.55 	 0.869 	 213.864
128 	 629.892 	 0.87 	 214.353
129 	 633.922 	 0.871 	 214.731
130 	 636.438 	 0.872 	 214.976
131 	 644.504 	 0.873 	 215.444
132 	 641.943 	 0.877 	 214.819
133 	 648.133 	 0.88 	 214.908
134 	 666.062 	 0.887 	 215.184
135 	 671.345 	 0.89 	 215.011
136 	 671.593 	 0.892 	 214.757
137 	 673.491 	 0.894 	 215.235
138 	 671.392 	 0.898 	 215.847
139 	 680.828 	 0.901 	 216.431
140 	 681.99 	 0.903 	 216.76
141 	 691.354 	 0.904 	 217.147
142 	 702.745 	 0.906 	 217.189
143 	 706.452 	 0.907 	 217.417
144 	 707.435 	 0.908 	 217.498
145 	 698.414 	 0.913 	 217.376
146 	 701.095 	 0.916 	 217.777
147 	 714.771 	 0.917 	 218.359
148 	 722.512 	 0.918 	 218.616
149 	 729.136 	 0.919 	 219.014
150 	 733.988 	 0.919 	 219.407
151 	 744.759 	 0.921 	 219.672
152 	 753.557 	 0.921 	 220.367
153 	 763.872 	 0.922 	 221.194
154 	 770.506 	 0.923 	 221.086
155 	 768.961 	 0.923 	 220.967
156 	 770.44 	 0.925 	 221.154
157 	 791.89 	 0.927 	 222.317
158 	 806.278 	 0.928 	 222.658
159 	 827.043 	 0.931 	 223.532
160 	 827.149 	 0.933 	 223.731
161 	 854.892 	 0.935 	 224.724
162 	 885.635 	 0.937 	 225.265
163 	 891.079 	 0.937 	 225.608
164 	 888.41 	 0.939 	 225.705
165 	 896.733 	 0.94 	 225.726
166 	 897.621 	 0.942 	 225.718
167 	 918.179 	 0.944 	 225.448
168 	 923.836 	 0.945 	 225.682
169 	 920.073 	 0.945 	 225.475
170 	 925.815 	 0.946 	 225.394
171 	 925.889 	 0.946 	 225.398
172 	 933.296 	 0.946 	 225.798
173 	 957.283 	 0.947 	 226.45
174 	 982.077 	 0.948 	 227.047
175 	 1005.88 	 0.949 	 227.665
176 	 1013.16 	 0.949 	 228.036
177 	 1016.51 	 0.953 	 227.947
178 	 1027.21 	 0.953 	 228.45
179 	 1038.94 	 0.953 	 229.001
180 	 1056.82 	 0.956 	 229.55
181 	 1073.32 	 0.956 	 230.276
182 	 1108.53 	 0.957 	 231.042
183 	 1091.48 	 0.958 	 231.141
184 	 1096.02 	 0.959 	 231.201
185 	 1110.63 	 0.959 	 231.8
186 	 1114.8 	 0.96 	 232.141
187 	 1131.95 	 0.961 	 231.825
188 	 1129.53 	 0.962 	 231.506
189 	 1166.59 	 0.963 	 232.088
190 	 1171.05 	 0.963 	 232.253
191 	 1139.06 	 0.964 	 232.698
192 	 1152.22 	 0.964 	 233.172
193 	 1145.77 	 0.965 	 233.37
194 	 1134.6 	 0.965 	 232.979
195 	 1125.31 	 0.965 	 232.654
196 	 1135.82 	 0.966 	 232.767
197 	 1166.3 	 0.967 	 233.167
198 	 1174.21 	 0.967 	 233.428
199 	 1150.25 	 0.968 	 233.297
200 	 1160 	 0.968 	 233.609
201 	 1174.88 	 0.968 	 234.085
202 	 1197.62 	 0.968 	 234.813
203 	 1207.12 	 0.968 	 235.117
204 	 1211.12 	 0.968 	 235.245
205 	 1217.94 	 0.968 	 235.463
206 	 1222.25 	 0.968 	 235.601
207 	 1227.81 	 0.968 	 235.779
208 	 1261.65 	 0.969 	 236.297
209 	 1276.65 	 0.969 	 236.762
210 	 1285.65 	 0.969 	 237.041
211 	 1293.68 	 0.969 	 237.29
212 	 1283.84 	 0.969 	 236.985
213 	 1282.58 	 0.969 	 236.946
214 	 1208.2 	 0.97 	 236.781
215 	 1211.87 	 0.97 	 236.891
216 	 1214.1 	 0.971 	 236.889
217 	 1260.5 	 0.972 	 237.032
218 	 1264.57 	 0.972 	 237.146
219 	 1311.04 	 0.973 	 237.348
220 	 1324.2 	 0.975 	 237.485
221 	 1336.16 	 0.975 	 237.784
222 	 1347.24 	 0.975 	 238.061
223 	 1355.36 	 0.975 	 238.264
224 	 1358.6 	 0.975 	 238.345
225 	 1372 	 0.977 	 238.396
226 	 1419.91 	 0.978 	 238.247
227 	 1430.82 	 0.978 	 238.487
228 	 1442.82 	 0.978 	 238.751
229 	 1510.1 	 0.979 	 238.771
230 	 1558 	 0.98 	 239.048
231 	 1563.1 	 0.98 	 239.15
232 	 1577.8 	 0.98 	 239.444
233 	 1584.1 	 0.98 	 239.57
234 	 1590 	 0.98 	 239.688
235 	 1533.58 	 0.981 	 239.83
236 	 1530.05 	 0.981 	 239.763
237 	 1537.68 	 0.981 	 239.908
238 	 1507.67 	 0.982 	 240.087
239 	 1513.56 	 0.982 	 240.193
240 	 1506.78 	 0.982 	 240.071
241 	 1515 	 0.982 	 240.219
242 	 1535.89 	 0.982 	 240.595
243 	 1549.22 	 0.982 	 240.835
244 	 1546.78 	 0.982 	 240.791
245 	 1542.89 	 0.982 	 240.721
246 	 1561.89 	 0.982 	 241.063
247 	 1557.56 	 0.982 	 240.985
248 	 1554.11 	 0.982 	 240.923
249 	 1572.44 	 0.982 	 241.253
250 	 1437.5 	 0.984 	 241.083
251 	 1594.29 	 0.986 	 240.989
252 	 1607.46 	 0.987 	 240.771
253 	 1508.33 	 0.988 	 240.656
254 	 1511.67 	 0.988 	 240.696
255 	 1502.67 	 0.988 	 240.588
256 	 1493.67 	 0.988 	 240.48
257 	 1485 	 0.988 	 240.376
258 	 1481 	 0.988 	 240.328
259 	 1475 	 0.988 	 240.256
260 	 1450 	 0.988 	 239.956
261 	 1424.67 	 0.988 	 239.652
262 	 1411 	 0.988 	 239.488
263 	 1429.33 	 0.988 	 239.708
264 	 1454.67 	 0.988 	 240.012
265 	 1475 	 0.988 	 240.256
266 	 1486.67 	 0.988 	 240.396
267 	 1473.09 	 0.989 	 240.78
268 	 1587 	 0.99 	 240.771
269 	 1616.6 	 0.99 	 241.067
270 	 1609.4 	 0.99 	 240.995
271 	 1602.4 	 0.99 	 240.925
272 	 1597.8 	 0.99 	 240.879
273 	 1592.8 	 0.99 	 240.829
